line27.bmp 1.0 0.0 13.0 209.0 1.0
line117.bmp 1.0 0.0 16.0 185.0 1.0
line122.bmp 1.0 0.0 15.0 190.0 1.0
line76.bmp 1.0 0.0 8.0 217.0 1.0
line20.bmp 1.0 0.0 16.0 155.0 1.0
line120.bmp 1.0 0.0 16.0 189.0 1.0
line12.bmp 1.0 0.0 17.0 168.0 1.0
line80.bmp 1.0 1.39175257732 18.0 194.0 1.0
line17.bmp 1.0 0.0 11.0 198.0 1.0
line61.bmp 1.0 0.0 18.0 172.0 1.0
line68.bmp 1.0 0.0 16.0 199.0 1.0
line57.bmp 1.0 0.0 14.0 170.0 1.0
line39.bmp 1.0 0.0 15.0 204.0 1.0
line119.bmp 1.0 0.0 10.0 192.0 1.0
line47.bmp 1.0 0.0 12.0 215.0 1.0
line103.bmp 1.0 0.0 13.0 186.0 1.0
line93.bmp 1.0 0.0 18.0 225.0 1.0
line81.bmp 1.0 0.0 17.0 210.0 1.0
line48.bmp 1.0 0.0 8.0 203.0 1.0
line82.bmp 1.0 0.0 25.0 197.0 1.0
line45.bmp 1.0 0.0 10.0 217.0 1.0
line124.bmp 1.0 0.0 13.0 194.0 1.0
line126.bmp 1.0 0.0 13.0 212.0 1.0
line94.bmp 1.0 0.0 14.0 196.0 1.0
line63.bmp 1.0 0.0 14.0 185.0 1.0
line77.bmp 1.0 0.0 16.0 182.0 1.0
line128.bmp 1.0 2.19298245614 14.0 192.0 1.0
line67.bmp 1.0 0.0 14.0 166.0 1.0
line70.bmp 1.0 0.0 10.0 173.0 1.0
line55.bmp 1.0 0.0 16.0 201.0 1.0
line40.bmp 1.0 0.0 20.0 222.0 1.0
line74.bmp 1.0 0.0 20.0 206.0 1.0
line86.bmp 1.0 0.0 19.0 212.0 1.0
line11.bmp 1.0 0.0 13.0 175.0 1.0
line69.bmp 1.0 0.0 15.0 241.0 1.0
line16.bmp 1.0 0.0 12.0 202.0 1.0
line118.bmp 1.0 0.0 15.0 202.0 1.0
line59.bmp 1.0 0.0 12.0 195.0 1.0
line116.bmp 1.0 0.0 12.0 190.0 1.0
line89.bmp 1.0 0.0 16.0 206.0 1.0
line88.bmp 1.0 0.0 10.0 159.0 1.0
line7.bmp 1.0 0.0 15.0 153.0 1.0
line91.bmp 1.0 0.0 11.0 192.0 1.0
line97.bmp 1.0 0.0 14.0 157.0 1.0
line85.bmp 1.0 0.0 11.0 203.0 1.0
line56.bmp 1.0 0.0 20.0 194.0 1.0
line30.bmp 1.0 0.0 15.0 224.0 1.0
line37.bmp 1.0 0.0 15.0 215.0 1.0
line52.bmp 1.0 0.0 15.0 149.0 1.0
line2.bmp 1.0 0.0 10.0 177.0 1.0
line71.bmp 1.0 0.0 14.0 172.0 1.0
line111.bmp 1.0 0.0 11.0 205.0 1.0
line95.bmp 1.0 0.0 14.0 187.0 1.0
line60.bmp 1.0 0.0 16.0 171.0 1.0
line54.bmp 1.0 0.0 16.0 178.0 1.0
line23.bmp 1.0 0.0 13.0 189.0 1.0
line43.bmp 1.0 0.0 10.0 216.0 1.0
line106.bmp 1.0 0.0 18.0 198.0 1.0
line65.bmp 1.0 0.0 14.0 186.0 1.0
line107.bmp 1.0 0.0 13.0 157.0 1.0
line66.bmp 1.0 0.0 17.0 195.0 1.0
line110.bmp 1.0 0.0 19.0 168.0 1.0
line46.bmp 1.0 0.0 11.0 183.0 1.0
line80.039.bmp 1.0 0.0 10.0 174.0 1.0
line80.022.bmp 1.0 0.0 11.0 162.0 1.0
line80.04.bmp 1.0 0.0 19.0 159.0 1.0
line80.062.bmp 1.0 0.0 18.0 166.0 1.0
line80.018.bmp 1.0 0.0 12.0 171.0 1.0
line80.046.bmp 1.0 0.0 18.0 144.0 1.0
line80.052.bmp 1.0 0.0 17.0 139.0 1.0
line80.079.bmp 1.0 0.0 11.0 158.0 1.0
line80.066.bmp 1.0 1.34615384615 17.0 156.0 1.0
line80.047.bmp 1.0 0.0 14.0 162.0 1.0
line80.058.bmp 1.0 0.0 13.0 193.0 1.0
line80.054.bmp 1.0 0.0 12.0 150.0 1.0
line80.00.bmp 1.0 0.0 10.0 157.0 1.0
line80.045.bmp 1.0 0.0 8.0 153.0 1.0
line80.055.bmp 1.0 0.0 12.0 156.0 1.0
line80.014.bmp 1.0 0.0 16.0 135.0 1.0
line80.09.bmp 1.0 0.0 10.0 165.0 1.0
line80.063.bmp 1.0 0.0 17.0 156.0 1.0
line80.06.bmp 1.0 0.0 13.0 147.0 1.0
line80.011.bmp 1.0 0.0 13.0 149.0 1.0
line80.042.bmp 1.0 0.0 8.0 163.0 1.0
line80.059.bmp 1.0 0.0 17.0 123.0 1.0
line80.023.bmp 1.0 0.0 11.0 159.0 1.0
line80.048.bmp 1.0 0.0 19.0 156.0 1.0
line80.050.bmp 1.0 0.0 13.0 157.0 1.0
line80.010.bmp 1.0 0.0 11.0 153.0 1.0
line80.034.bmp 1.0 0.0 15.0 155.0 1.0
line80.075.bmp 1.0 0.0 18.0 127.0 1.0
line80.015.bmp 1.0 0.0 15.0 152.0 1.0
line80.056.bmp 1.0 0.0 12.0 133.0 1.0
line80.027.bmp 1.0 0.0 11.0 152.0 1.0
line80.071.bmp 1.0 0.0 18.0 171.0 1.0
line80.067.bmp 1.0 0.0 12.0 168.0 1.0
line80.060.bmp 1.0 0.0 5.0 139.0 1.0
line80.077.bmp 1.0 0.0 13.0 137.0 1.0
line80.05.bmp 1.0 0.0 12.0 127.0 1.0
line80.040.bmp 1.0 0.0 12.0 147.0 1.0
line80.044.bmp 1.0 0.0 15.0 120.0 1.0
line80.028.bmp 1.0 0.0 12.0 152.0 1.0
line80.030.bmp 1.0 0.0 12.0 168.0 1.0
line80.021.bmp 1.0 0.0 17.0 170.0 1.0
line80.026.bmp 1.0 0.0 15.0 125.0 1.0
line80.068.bmp 1.0 0.0 21.0 158.0 1.0
line80.037.bmp 1.0 0.0 10.0 174.0 1.0
line80.049.bmp 1.0 0.0 13.0 137.0 1.0
line80.036.bmp 1.0 0.0 19.0 178.0 1.0
line80.016.bmp 1.0 0.0 16.0 153.0 1.0
line80.074.bmp 1.0 0.0 15.0 166.0 1.0
line80.029.bmp 1.0 0.0 8.0 149.0 1.0
line80.041.bmp 1.0 0.0 11.0 172.0 1.0
line80.080.bmp 1.0 0.0 12.0 150.0 1.0
line80.020.bmp 1.0 0.0 11.0 155.0 1.0
line80.033.bmp 1.0 0.0 16.0 173.0 1.0
line80.078.bmp 1.0 0.0 17.0 181.0 1.0
line80.072.bmp 1.0 0.0 8.0 178.0 1.0
line80.082.bmp 1.0 0.0 16.0 160.0 1.0
line80.053.bmp 1.0 0.0 14.0 149.0 1.0
line80.01.bmp 1.0 0.0 11.0 150.0 1.0
line80.035.bmp 1.0 0.0 15.0 164.0 1.0
line80.02.bmp 1.0 0.0 9.0 144.0 1.0
line80.032.bmp 1.0 0.0 11.0 158.0 1.0
line80.043.bmp 1.0 0.0 9.0 160.0 1.0
line80.070.bmp 1.0 0.0 12.0 164.0 1.0
line60.06.bmp 1.0 0.0 9.0 110.0 1.0
line60.012.bmp 1.0 0.0 9.0 121.0 1.0
line60.067.bmp 1.0 0.0 12.0 126.0 1.0
line60.046.bmp 1.0 0.0 14.0 108.0 1.0
line60.051.bmp 1.0 0.0 11.0 103.0 1.0
line60.08.bmp 1.0 0.0 15.0 101.0 1.0
line60.061.bmp 1.0 0.0 15.0 104.0 1.0
line60.047.bmp 1.0 0.0 13.0 121.0 1.0
line60.031.bmp 1.0 0.0 15.0 135.0 1.0
line60.03.bmp 1.0 0.0 9.0 111.0 1.0
line60.036.bmp 1.0 0.0 17.0 134.0 1.0
line60.030.bmp 1.0 0.0 12.0 125.0 1.0
line60.033.bmp 1.0 0.0 11.0 129.0 1.0
line60.055.bmp 1.0 0.0 13.0 117.0 1.0
line60.00.bmp 1.0 0.0 11.0 118.0 1.0
line60.081.bmp 1.0 0.0 11.0 94.0 1.0
line60.080.bmp 1.0 0.0 10.0 113.0 1.0
line60.029.bmp 1.0 0.0 8.0 112.0 1.0
line60.066.bmp 1.0 1.37931034483 11.0 116.0 1.0
line60.019.bmp 1.0 1.44927536232 12.0 116.0 1.0
line60.072.bmp 1.0 0.0 7.0 133.0 1.0
line60.060.bmp 1.0 0.0 5.0 104.0 1.0
line60.071.bmp 1.0 0.0 13.0 128.0 1.0
line60.043.bmp 1.0 0.0 8.0 120.0 1.0
line60.035.bmp 1.0 0.0 17.0 123.0 1.0
line60.075.bmp 1.0 0.0 16.0 95.0 1.0
line60.013.bmp 1.0 0.0 7.0 116.0 1.0
line60.044.bmp 1.0 0.0 12.0 90.0 1.0
line60.041.bmp 1.0 0.0 10.0 129.0 1.0
line60.052.bmp 1.0 0.0 13.0 104.0 1.0
line60.078.bmp 1.0 0.0 13.0 135.0 1.0
line60.04.bmp 1.0 0.0 15.0 119.0 1.0
line60.026.bmp 1.0 0.0 14.0 93.0 1.0
line60.076.bmp 1.0 0.0 8.0 116.0 1.0
line60.063.bmp 1.0 0.0 15.0 117.0 1.0
line60.053.bmp 1.0 0.0 10.0 111.0 1.0
line60.079.bmp 1.0 0.0 10.0 118.0 1.0
line60.020.bmp 1.0 0.0 12.0 116.0 1.0
line60.023.bmp 1.0 0.0 11.0 119.0 1.0
line60.02.bmp 1.0 0.0 8.0 108.0 1.0
line60.016.bmp 1.0 0.0 12.0 114.0 1.0
line60.09.bmp 1.0 0.0 8.0 124.0 1.0
line60.07.bmp 1.0 0.0 11.0 106.0 1.0
line60.05.bmp 1.0 0.0 11.0 95.0 1.0
line60.069.bmp 1.0 0.0 7.0 110.0 1.0
line60.073.bmp 1.0 0.0 8.0 96.0 1.0
line60.024.bmp 1.0 0.0 8.0 116.0 1.0
line60.070.bmp 1.0 0.0 10.0 123.0 1.0
line60.042.bmp 1.0 0.0 6.0 122.0 1.0
line60.021.bmp 1.0 0.0 18.0 127.0 1.0
line60.065.bmp 1.0 0.0 11.0 109.0 1.0
line60.028.bmp 1.0 0.0 12.0 113.0 1.0
line60.077.bmp 1.0 0.0 9.0 102.0 1.0
line60.040.bmp 1.0 0.0 9.0 110.0 1.0
line60.058.bmp 1.0 0.0 14.0 145.0 1.0
line60.056.bmp 1.0 0.0 11.0 100.0 1.0
line60.062.bmp 1.0 0.0 17.0 124.0 1.0
line60.017.bmp 1.0 0.0 12.0 116.0 1.0
line60.015.bmp 1.0 0.0 13.0 114.0 1.0
line60.022.bmp 1.0 0.0 10.0 121.0 1.0
line60.011.bmp 1.0 0.0 12.0 112.0 1.0
line60.068.bmp 1.0 0.0 16.0 118.0 1.0
line60.050.bmp 1.0 0.0 10.0 117.0 1.0
line40.071.bmp 1.0 0.0 13.0 85.0 1.0
line40.010.bmp 1.0 0.0 7.0 77.0 1.0
line40.07.bmp 1.0 0.0 9.0 71.0 1.0
line40.046.bmp 1.0 0.0 12.0 72.0 1.0
line40.047.bmp 1.0 0.0 10.0 80.0 1.0
line40.016.bmp 1.0 0.0 11.0 76.0 1.0
line40.019.bmp 1.0 0.909090909091 9.0 73.0 1.0
line40.074.bmp 1.0 0.0 11.0 83.0 1.0
line40.082.bmp 1.0 0.0 8.0 80.0 1.0
line40.012.bmp 1.0 0.0 9.0 81.0 1.0
line40.035.bmp 1.0 0.0 10.0 82.0 1.0
line40.020.bmp 1.0 0.0 10.0 72.0 1.0
line40.00.bmp 1.0 0.0 9.0 79.0 1.0
line40.081.bmp 1.0 0.0 9.0 63.0 1.0
line40.056.bmp 1.0 0.0 10.0 67.0 1.0
line40.04.bmp 1.0 0.0 14.0 80.0 1.0
line40.058.bmp 1.0 0.0 10.0 96.0 1.0
line40.021.bmp 1.0 0.0 13.0 85.0 1.0
line40.032.bmp 1.0 0.0 9.0 79.0 1.0
line40.025.bmp 1.0 0.0 5.0 71.0 1.0
line40.02.bmp 1.0 0.0 7.0 72.0 1.0
line40.013.bmp 1.0 0.0 6.0 78.0 1.0
line40.073.bmp 1.0 0.0 6.0 64.0 1.0
line40.037.bmp 1.0 0.0 7.0 87.0 1.0
line40.09.bmp 1.0 0.0 6.0 83.0 1.0
line40.075.bmp 1.0 0.0 14.0 64.0 1.0
line40.050.bmp 1.0 0.0 8.0 78.0 1.0
line40.041.bmp 1.0 0.0 10.0 86.0 1.0
line40.015.bmp 1.0 0.0 11.0 76.0 1.0
line40.079.bmp 1.0 0.0 10.0 79.0 1.0
line40.067.bmp 1.0 0.0 11.0 84.0 1.0
line40.078.bmp 1.0 0.0 12.0 90.0 1.0
line40.059.bmp 1.0 0.0 13.0 62.0 1.0
line40.051.bmp 1.0 0.0 10.0 69.0 1.0
line40.030.bmp 1.0 0.0 10.0 84.0 1.0
line40.045.bmp 1.0 0.0 4.0 77.0 1.0
line40.028.bmp 1.0 0.0 11.0 76.0 1.0
line40.03.bmp 1.0 0.0 8.0 74.0 1.0
line40.053.bmp 1.0 0.0 9.0 74.0 1.0
line40.036.bmp 1.0 0.0 13.0 90.0 1.0
line40.063.bmp 1.0 0.0 13.0 78.0 1.0
line40.039.bmp 1.0 0.0 8.0 88.0 1.0
line40.042.bmp 1.0 0.0 5.0 82.0 1.0
line40.033.bmp 1.0 0.0 10.0 86.0 1.0
line40.040.bmp 1.0 0.0 9.0 74.0 1.0
line40.070.bmp 1.0 0.0 8.0 82.0 1.0
line40.017.bmp 1.0 0.0 9.0 78.0 1.0
line40.080.bmp 1.0 0.0 8.0 76.0 1.0
line40.069.bmp 1.0 0.0 6.0 74.0 1.0
line40.029.bmp 1.0 0.0 8.0 75.0 1.0
line40.061.bmp 1.0 0.0 14.0 70.0 1.0
line40.034.bmp 1.0 0.0 11.0 78.0 1.0
line40.018.bmp 1.0 0.0 10.0 80.0 1.0
line40.055.bmp 1.0 0.0 14.0 78.0 1.0
line40.043.bmp 1.0 0.0 6.0 80.0 1.0
line40.057.bmp 1.0 0.0 10.0 80.0 1.0
line40.01.bmp 1.0 0.0 8.0 74.0 1.0
line40.06.bmp 1.0 0.0 7.0 73.0 1.0
line40.052.bmp 1.0 0.0 13.0 69.0 1.0
line40.083.bmp 1.0 0.0 13.0 77.0 1.0
line40.077.bmp 1.0 0.0 9.0 68.0 1.0
line40.062.bmp 1.0 0.0 13.0 83.0 1.0
line40.022.bmp 1.0 0.0 9.0 81.0 1.0
dia109.bmp 1.0 8.84792626728 20.0 217.0 2.0
dia20.bmp 1.0 8.84792626728 15.0 217.0 2.0
dia16.bmp 1.0 7.61194029851 16.0 201.0 2.0
dia106.bmp 1.0 9.50226244344 18.0 221.0 2.0
dia120.bmp 1.0 9.28229665072 18.0 209.0 2.0
dia17.bmp 1.0 8.15602836879 14.0 227.0 2.0
dia5.bmp 1.0 7.63157894737 17.0 156.0 2.0
dia11.bmp 1.0 8.75 20.0 211.0 2.0
dia104.bmp 1.0 8.49557522124 15.0 226.0 2.0
dia27.bmp 1.0 6.33027522936 12.0 218.0 2.0
dia92.bmp 1.0 8.85167464115 17.0 209.0 2.0
dia22.bmp 1.0 8.63636363636 28.0 203.0 2.0
dia84.bmp 1.0 9.30555555556 23.0 216.0 2.0
dia90.bmp 1.0 8.03191489362 19.0 188.0 2.0
dia12.bmp 1.0 8.79432624113 19.0 191.0 2.0
dia4.bmp 1.0 8.65921787709 16.0 179.0 2.0
dia30.bmp 1.0 8.34862385321 20.0 183.0 2.0
dia10.bmp 1.0 8.13953488372 16.0 172.0 2.0
dia79.bmp 1.0 8.63636363636 16.0 176.0 2.0
dia7.bmp 1.0 8.78048780488 18.0 207.0 2.0
dia6.bmp 1.0 8.25870646766 21.0 201.0 2.0
dia63.bmp 1.0 8.98648648649 23.0 214.0 2.0
dia117.bmp 1.0 9.07608695652 18.0 184.0 2.0
dia93.bmp 1.0 8.96396396396 16.0 222.0 2.0
dia130.bmp 1.0 9.38775510204 16.0 196.0 2.0
dia58.bmp 1.0 9.04761904762 23.0 163.0 2.0
dia3.bmp 1.0 9.2380952381 28.0 140.0 2.0
dia125.bmp 1.0 9.32291666667 15.0 192.0 2.0
dia61.bmp 1.0 8.91089108911 22.0 180.0 2.0
dia52.bmp 1.0 9.02654867257 21.0 138.0 2.0
dia31.bmp 1.0 8.58490566038 13.0 127.0 2.0
dia56.bmp 1.0 9.22413793103 21.0 216.0 2.0
dia102.bmp 1.0 8.32487309645 14.0 197.0 2.0
dia107.bmp 1.0 9.24528301887 16.0 212.0 2.0
dia64.bmp 1.0 9.09090909091 19.0 165.0 2.0
dia76.bmp 1.0 8.69918699187 11.0 246.0 2.0
dia97.bmp 1.0 8.93518518519 13.0 216.0 2.0
dia124.bmp 1.0 9.58333333333 16.0 192.0 2.0
dia71.bmp 1.0 9.25742574257 15.0 202.0 2.0
dia18.bmp 1.0 8.38383838384 18.0 176.0 2.0
dia8.bmp 1.0 9.61038961039 12.0 154.0 2.0
dia59.bmp 1.0 8.94736842105 23.0 152.0 2.0
dia94.bmp 1.0 8.70689655172 16.0 232.0 2.0
dia54.bmp 1.0 9.26966292135 24.0 178.0 2.0
dia15.bmp 1.0 8.97849462366 23.0 201.0 2.0
dia74.bmp 1.0 9.20168067227 18.0 238.0 2.0
dia21.bmp 1.0 8.01020408163 14.0 196.0 2.0
dia24.bmp 1.0 7.00892857143 13.0 224.0 2.0
dia66.bmp 1.0 9.09677419355 20.0 155.0 2.0
dia29.bmp 1.0 8.8 22.0 175.0 2.0
dia99.bmp 1.0 8.74371859296 21.0 199.0 2.0
dia23.bmp 1.0 8.02197802198 23.0 207.0 2.0
dia108.bmp 1.0 8.92682926829 16.0 205.0 2.0
dia103.bmp 1.0 8.61471861472 19.0 231.0 2.0
dia73.bmp 1.0 8.99497487437 17.0 199.0 2.0
dia98.bmp 1.0 8.96860986547 16.0 223.0 2.0
dia129.bmp 1.0 9.27536231884 17.0 211.0 2.0
dia85.bmp 1.0 8.9417989418 18.0 189.0 2.0
dia111.bmp 1.0 9.06403940887 19.0 203.0 2.0
dia126.bmp 1.0 9.39086294416 19.0 197.0 2.0
dia28.bmp 1.0 8.45454545455 17.0 189.0 2.0
dia25.bmp 1.0 7.88659793814 14.0 194.0 2.0
dia116.bmp 1.0 8.86597938144 14.0 194.0 2.0
dia80.068.bmp 1.0 9.43548387097 16.0 124.0 2.0
dia80.063.bmp 1.0 9.00523560209 14.0 191.0 2.0
dia80.044.bmp 1.0 8.37209302326 14.0 102.0 2.0
dia80.019.bmp 1.0 9.41558441558 15.0 154.0 2.0
dia80.081.bmp 1.0 8.69863013699 16.0 146.0 2.0
dia80.032.bmp 1.0 8.5632183908 15.0 174.0 2.0
dia80.060.bmp 1.0 8.58585858586 17.0 166.0 2.0
dia80.024.bmp 1.0 9.17197452229 16.0 157.0 2.0
dia80.037.bmp 1.0 7.75641025641 12.0 156.0 2.0
dia80.046.bmp 1.0 7.09677419355 16.0 125.0 2.0
dia80.013.bmp 1.0 8.46153846154 13.0 156.0 2.0
dia80.030.bmp 1.0 7.5 13.0 168.0 2.0
dia80.070.bmp 1.0 8.90322580645 20.0 155.0 2.0
dia80.075.bmp 1.0 7.96296296296 17.0 108.0 2.0
dia80.017.bmp 1.0 9.10714285714 15.0 168.0 2.0
dia80.082.bmp 1.0 8.78612716763 12.0 173.0 2.0
dia80.052.bmp 1.0 8.14814814815 19.0 162.0 2.0
dia80.074.bmp 1.0 8.64516129032 11.0 155.0 2.0
dia80.072.bmp 1.0 8.68421052632 15.0 152.0 2.0
dia80.023.bmp 1.0 8.57142857143 18.0 148.0 2.0
dia80.022.bmp 1.0 9.05882352941 17.0 170.0 2.0
dia80.012.bmp 1.0 8.6875 18.0 160.0 2.0
dia80.00.bmp 1.0 8.32167832168 19.0 143.0 2.0
dia80.041.bmp 1.0 8.58156028369 22.0 141.0 2.0
dia80.061.bmp 1.0 8.95705521472 16.0 163.0 2.0
dia80.011.bmp 1.0 9.27419354839 21.0 185.0 2.0
dia80.016.bmp 1.0 8.67256637168 18.0 154.0 2.0
dia80.067.bmp 1.0 8.52112676056 14.0 142.0 2.0
dia80.042.bmp 1.0 9.05882352941 25.0 113.0 2.0
dia80.020.bmp 1.0 9.21568627451 15.0 155.0 2.0
dia80.035.bmp 1.0 7.7027027027 20.0 167.0 2.0
dia80.025.bmp 1.0 8.51851851852 17.0 135.0 2.0
dia80.01.bmp 1.0 7.91366906475 13.0 139.0 2.0
dia80.066.bmp 1.0 8.25581395349 12.0 172.0 2.0
dia80.047.bmp 1.0 8.9010989011 19.0 111.0 2.0
dia80.071.bmp 1.0 9.13793103448 21.0 174.0 2.0
dia80.050.bmp 1.0 8.70229007634 21.0 131.0 2.0
dia80.055.bmp 1.0 8.73949579832 24.0 172.0 2.0
dia80.062.bmp 1.0 8.875 15.0 160.0 2.0
dia80.048.bmp 1.0 9.09090909091 20.0 143.0 2.0
dia80.09.bmp 1.0 8.54368932039 17.0 170.0 2.0
dia80.083.bmp 1.0 8.77094972067 14.0 179.0 2.0
dia80.031.bmp 1.0 8.29787234043 17.0 130.0 2.0
dia80.03.bmp 1.0 8.33333333333 17.0 186.0 2.0
dia80.054.bmp 1.0 7.58620689655 19.0 113.0 2.0
dia80.036.bmp 1.0 6.72222222222 12.0 180.0 2.0
dia80.021.bmp 1.0 8.99371069182 19.0 159.0 2.0
dia80.038.bmp 1.0 8.31578947368 17.0 175.0 2.0
dia80.051.bmp 1.0 8.68852459016 19.0 122.0 2.0
dia80.04.bmp 1.0 8.28729281768 12.0 181.0 2.0
dia80.040.bmp 1.0 8.18181818182 19.0 152.0 2.0
dia80.069.bmp 1.0 7.91139240506 14.0 158.0 2.0
dia80.07.bmp 1.0 8.72727272727 15.0 165.0 2.0
dia80.06.bmp 1.0 9.12280701754 15.0 171.0 2.0
dia80.080.bmp 1.0 8.3422459893 14.0 187.0 2.0
dia80.079.bmp 1.0 8.8202247191 14.0 178.0 2.0
dia80.05.bmp 1.0 9.38202247191 16.0 178.0 2.0
dia80.014.bmp 1.0 8.85135135135 13.0 148.0 2.0
dia80.084.bmp 1.0 8.5 16.0 160.0 2.0
dia80.028.bmp 1.0 7.96460176991 14.0 182.0 2.0
dia80.076.bmp 1.0 7.61589403974 19.0 151.0 2.0
dia80.027.bmp 1.0 7.03703703704 14.0 162.0 2.0
dia80.034.bmp 1.0 8.29545454545 24.0 163.0 2.0
dia60.063.bmp 1.0 9.02097902098 14.0 143.0 2.0
dia60.040.bmp 1.0 8.18181818182 19.0 114.0 2.0
dia60.023.bmp 1.0 8.60759493671 16.0 110.0 2.0
dia60.08.bmp 1.0 8.76923076923 15.0 130.0 2.0
dia60.075.bmp 1.0 8.02469135802 15.0 81.0 2.0
dia60.052.bmp 1.0 8.18181818182 19.0 121.0 2.0
dia60.06.bmp 1.0 9.140625 14.0 128.0 2.0
dia60.03.bmp 1.0 8.34532374101 13.0 139.0 2.0
dia60.034.bmp 1.0 8.33333333333 23.0 122.0 2.0
dia60.084.bmp 1.0 8.5 15.0 120.0 2.0
dia60.056.bmp 1.0 9.09090909091 13.0 99.0 2.0
dia60.079.bmp 1.0 8.87218045113 11.0 133.0 2.0
dia60.02.bmp 1.0 8.13559322034 9.0 118.0 2.0
dia60.010.bmp 1.0 9.01639344262 16.0 122.0 2.0
dia60.081.bmp 1.0 8.80733944954 14.0 109.0 2.0
dia60.044.bmp 1.0 8.4375 13.0 76.0 2.0
dia60.01.bmp 1.0 7.98076923077 14.0 104.0 2.0
dia60.025.bmp 1.0 8.51485148515 19.0 101.0 2.0
dia60.012.bmp 1.0 8.75 14.0 120.0 2.0
dia60.083.bmp 1.0 8.88059701493 15.0 134.0 2.0
dia60.070.bmp 1.0 8.96551724138 19.0 116.0 2.0
dia60.050.bmp 1.0 8.77551020408 19.0 98.0 2.0
dia60.011.bmp 1.0 9.24731182796 21.0 139.0 2.0
dia60.069.bmp 1.0 8.30508474576 13.0 118.0 2.0
dia60.05.bmp 1.0 9.3984962406 16.0 133.0 2.0
dia60.065.bmp 1.0 8.31081081081 9.0 148.0 2.0
dia60.029.bmp 1.0 8.16666666667 18.0 106.0 2.0
dia60.073.bmp 1.0 8.5 15.0 140.0 2.0
dia60.014.bmp 1.0 8.90909090909 13.0 110.0 2.0
dia60.080.bmp 1.0 8.35714285714 13.0 140.0 2.0
dia60.078.bmp 1.0 8.80952380952 16.0 126.0 2.0
dia60.039.bmp 1.0 6.03053435115 12.0 131.0 2.0
dia60.026.bmp 1.0 8.83928571429 25.0 121.0 2.0
dia60.015.bmp 1.0 8.94736842105 17.0 95.0 2.0
dia60.018.bmp 1.0 8.18181818182 15.0 115.0 2.0
dia60.021.bmp 1.0 9.32773109244 16.0 119.0 2.0
dia60.017.bmp 1.0 9.04761904762 13.0 126.0 2.0
dia60.033.bmp 1.0 7.54237288136 14.0 118.0 2.0
dia60.061.bmp 1.0 9.09836065574 14.0 122.0 2.0
dia60.030.bmp 1.0 7.5 13.0 126.0 2.0
dia60.00.bmp 1.0 8.31775700935 21.0 107.0 2.0
dia60.038.bmp 1.0 8.30985915493 17.0 131.0 2.0
dia60.074.bmp 1.0 8.70689655172 10.0 116.0 2.0
dia60.064.bmp 1.0 8.9898989899 15.0 139.0 2.0
dia60.072.bmp 1.0 8.85964912281 16.0 114.0 2.0
dia60.016.bmp 1.0 8.70588235294 15.0 115.0 2.0
dia60.054.bmp 1.0 7.67441860465 15.0 84.0 2.0
dia60.027.bmp 1.0 7.10743801653 13.0 121.0 2.0
dia60.020.bmp 1.0 9.21052631579 10.0 116.0 2.0
dia60.032.bmp 1.0 8.69230769231 13.0 130.0 2.0
dia60.082.bmp 1.0 8.76923076923 10.0 130.0 2.0
dia60.045.bmp 1.0 8.42592592593 16.0 108.0 2.0
dia60.055.bmp 1.0 8.76404494382 21.0 129.0 2.0
dia60.058.bmp 1.0 9.10569105691 14.0 123.0 2.0
dia60.022.bmp 1.0 9.04761904762 17.0 127.0 2.0
dia60.041.bmp 1.0 8.58490566038 18.0 106.0 2.0
dia60.053.bmp 1.0 8.85245901639 21.0 108.0 2.0
dia60.071.bmp 1.0 9.30769230769 17.0 130.0 2.0
dia60.077.bmp 1.0 8.68852459016 13.0 122.0 2.0
dia60.035.bmp 1.0 7.81818181818 20.0 125.0 2.0
dia60.04.bmp 1.0 8.30882352941 10.0 136.0 2.0
dia60.060.bmp 1.0 8.64864864865 15.0 124.0 2.0
dia60.09.bmp 1.0 8.57142857143 17.0 127.0 2.0
dia40.077.bmp 1.0 8.64197530864 14.0 81.0 2.0
dia40.014.bmp 1.0 8.78378378378 14.0 74.0 2.0
dia40.038.bmp 1.0 8.29787234043 16.0 87.0 2.0
dia40.011.bmp 1.0 9.03225806452 19.0 93.0 2.0
dia40.042.bmp 1.0 8.94736842105 18.0 57.0 2.0
dia40.041.bmp 1.0 8.59154929577 15.0 71.0 2.0
dia40.016.bmp 1.0 8.59649122807 17.0 77.0 2.0
dia40.064.bmp 1.0 8.93939393939 13.0 93.0 2.0
dia40.03.bmp 1.0 8.27956989247 11.0 93.0 2.0
dia40.05.bmp 1.0 9.375 14.0 88.0 2.0
dia40.04.bmp 1.0 8.24175824176 10.0 91.0 2.0
dia40.021.bmp 1.0 7.01298701299 14.0 77.0 2.0
dia40.028.bmp 1.0 7.89473684211 11.0 91.0 2.0
dia40.069.bmp 1.0 7.69230769231 11.0 78.0 2.0
dia40.066.bmp 1.0 8.37209302326 11.0 86.0 2.0
dia40.09.bmp 1.0 8.62745098039 15.0 84.0 2.0
dia40.046.bmp 1.0 6.77419354839 15.0 63.0 2.0
dia40.065.bmp 1.0 8.36734693878 9.0 98.0 2.0
dia40.055.bmp 1.0 8.66666666667 16.0 86.0 2.0
dia40.054.bmp 1.0 7.58620689655 15.0 56.0 2.0
dia40.083.bmp 1.0 8.55555555556 11.0 90.0 2.0
dia40.034.bmp 1.0 8.40909090909 21.0 82.0 2.0
dia40.045.bmp 1.0 8.33333333333 15.0 72.0 2.0
dia40.058.bmp 1.0 9.0243902439 11.0 82.0 2.0
dia40.048.bmp 1.0 9.03846153846 16.0 71.0 2.0
dia40.044.bmp 1.0 8.37209302326 11.0 51.0 2.0
dia40.030.bmp 1.0 7.25 10.0 84.0 2.0
dia40.051.bmp 1.0 8.68852459016 18.0 61.0 2.0
dia40.053.bmp 1.0 8.53658536585 20.0 72.0 2.0
dia40.012.bmp 1.0 8.625 10.0 80.0 2.0
dia40.049.bmp 1.0 8.72340425532 18.0 86.0 2.0
dia40.079.bmp 1.0 8.76404494382 11.0 89.0 2.0
dia40.033.bmp 1.0 7.3417721519 11.0 79.0 2.0
dia40.080.bmp 1.0 8.27956989247 11.0 93.0 2.0
dia40.037.bmp 1.0 7.80487804878 9.0 78.0 2.0
dia40.026.bmp 1.0 8.91891891892 18.0 80.0 2.0
dia40.060.bmp 1.0 8.4 19.0 83.0 2.0
dia40.081.bmp 1.0 8.6301369863 12.0 73.0 2.0
dia40.024.bmp 1.0 7.17948717949 10.0 78.0 2.0
dia40.025.bmp 1.0 8.50746268657 15.0 67.0 2.0
dia40.023.bmp 1.0 8.30188679245 16.0 74.0 2.0
dia40.027.bmp 1.0 7.03703703704 14.0 81.0 2.0
dia40.076.bmp 1.0 7.63157894737 13.0 76.0 2.0
dia40.082.bmp 1.0 8.50574712644 9.0 87.0 2.0
dia40.047.bmp 1.0 8.90909090909 18.0 55.0 2.0
dia40.050.bmp 1.0 8.82352941176 17.0 65.0 2.0
dia40.039.bmp 1.0 5.97701149425 9.0 87.0 2.0
dia40.08.bmp 1.0 8.62068965517 13.0 87.0 2.0
dia40.019.bmp 1.0 8.7012987013 15.0 77.0 2.0
dia40.02.bmp 1.0 7.84810126582 10.0 79.0 2.0
dia40.013.bmp 1.0 8.33333333333 9.0 78.0 2.0
dia40.052.bmp 1.0 7.9012345679 16.0 81.0 2.0
dia40.010.bmp 1.0 9.01234567901 16.0 81.0 2.0
dia40.067.bmp 1.0 8.30985915493 13.0 71.0 2.0
dia40.06.bmp 1.0 9.05882352941 13.0 85.0 2.0
dia40.072.bmp 1.0 8.55263157895 13.0 76.0 2.0
dia40.075.bmp 1.0 7.59259259259 13.0 54.0 2.0
dia40.020.bmp 1.0 7.53246753247 9.0 77.0 2.0
dia40.057.bmp 1.0 8.73015873016 15.0 63.0 2.0
dia40.07.bmp 1.0 8.65853658537 11.0 82.0 2.0
dia40.022.bmp 1.0 7.38095238095 12.0 84.0 2.0
dia40.031.bmp 1.0 8.29787234043 14.0 65.0 2.0
dia40.040.bmp 1.0 8.18181818182 16.0 76.0 2.0
ellipse75.bmp 1.0 9.14893617021 37.0 217.0 3.0
ellipse117.bmp 1.0 7.5 23.0 145.0 3.0
ellipse95.bmp 1.0 9.4701986755 45.0 216.0 3.0
ellipse86.bmp 1.0 9.36 47.0 218.0 3.0
ellipse53.bmp 1.0 9.05660377358 36.0 210.0 3.0
ellipse83.bmp 1.0 9.58762886598 47.0 250.0 3.0
ellipse100.bmp 1.0 9.32773109244 38.0 209.0 3.0
ellipse19.bmp 1.0 8.91472868217 38.0 221.0 3.0
ellipse115.bmp 1.0 9.57219251337 41.0 222.0 3.0
ellipse56.bmp 1.0 9.28571428571 34.0 204.0 3.0
ellipse34.bmp 1.0 8.6 32.0 173.0 3.0
ellipse104.bmp 1.0 9.56310679612 40.0 223.0 3.0
ellipse7.bmp 1.0 8.98550724638 36.0 232.0 3.0
ellipse80.bmp 1.0 9.54022988506 37.0 189.0 3.0
ellipse23.bmp 1.0 8.75 42.0 185.0 3.0
ellipse36.bmp 1.0 8.89763779528 39.0 200.0 3.0
ellipse58.bmp 1.0 9.01960784314 37.0 222.0 3.0
ellipse42.bmp 1.0 8.71559633028 35.0 209.0 3.0
ellipse52.bmp 1.0 9.23076923077 38.0 221.0 3.0
ellipse78.bmp 1.0 9.44827586207 37.0 199.0 3.0
ellipse82.bmp 1.0 9.57446808511 39.0 188.0 3.0
ellipse41.bmp 1.0 9.04109589041 40.0 190.0 3.0
ellipse29.bmp 1.0 9.0 40.0 203.0 3.0
ellipse112.bmp 1.0 9.51807228916 44.0 228.0 3.0
ellipse39.bmp 1.0 8.69158878505 35.0 179.0 3.0
ellipse92.bmp 1.0 9.26829268293 35.0 231.0 3.0
ellipse10.bmp 1.0 8.72727272727 38.0 188.0 3.0
ellipse6.bmp 1.0 8.62745098039 40.0 219.0 3.0
ellipse31.bmp 1.0 8.82352941176 30.0 184.0 3.0
ellipse4.bmp 1.0 8.67924528302 28.0 145.0 3.0
ellipse97.bmp 1.0 9.34426229508 36.0 227.0 3.0
ellipse38.bmp 1.0 8.72727272727 39.0 189.0 3.0
ellipse60.bmp 1.0 9.04347826087 41.0 195.0 3.0
ellipse18.bmp 1.0 8.64077669903 33.0 188.0 3.0
ellipse128.bmp 1.0 9.64285714286 37.0 224.0 3.0
ellipse84.bmp 1.0 9.57671957672 38.0 192.0 3.0
ellipse120.bmp 1.0 9.23076923077 30.0 199.0 3.0
ellipse28.bmp 1.0 8.67924528302 34.0 195.0 3.0
ellipse1.bmp 1.0 8.4693877551 35.0 165.0 3.0
ellipse62.bmp 1.0 9.62441314554 45.0 230.0 3.0
ellipse57.bmp 1.0 8.92156862745 39.0 181.0 3.0
ellipse5.bmp 1.0 8.86178861789 33.0 188.0 3.0
ellipse37.bmp 1.0 8.82352941176 36.0 196.0 3.0
ellipse66.bmp 1.0 9.42857142857 38.0 182.0 3.0
ellipse72.bmp 1.0 9.15789473684 29.0 229.0 3.0
ellipse90.bmp 1.0 9.08256880734 39.0 203.0 3.0
ellipse20.bmp 1.0 8.88888888889 37.0 209.0 3.0
ellipse89.bmp 1.0 9.36363636364 36.0 211.0 3.0
ellipse98.bmp 1.0 9.15789473684 39.0 236.0 3.0
ellipse77.bmp 1.0 9.62790697674 45.0 240.0 3.0
ellipse16.bmp 1.0 8.83333333333 34.0 187.0 3.0
ellipse101.bmp 1.0 8.65168539326 31.0 184.0 3.0
ellipse103.bmp 1.0 9.48717948718 42.0 195.0 3.0
ellipse125.bmp 1.0 9.24050632911 36.0 178.0 3.0
ellipse47.bmp 1.0 8.0 31.0 242.0 3.0
ellipse11.bmp 1.0 8.96296296296 35.0 185.0 3.0
ellipse35.bmp 1.0 8.90625 43.0 201.0 3.0
ellipse65.bmp 1.0 9.29203539823 36.0 194.0 3.0
ellipse87.bmp 1.0 9.32203389831 35.0 206.0 3.0
ellipse49.bmp 1.0 9.08496732026 42.0 225.0 3.0
ellipse113.bmp 1.0 9.3661971831 34.0 229.0 3.0
ellipse121.bmp 1.0 9.63636363636 25.0 121.0 3.0
ellipse48.bmp 1.0 8.0 34.0 219.0 3.0
ellipse80.028.bmp 1.0 8.52631578947 36.0 168.0 3.0
ellipse80.064.bmp 1.0 8.76923076923 34.0 168.0 3.0
ellipse80.068.bmp 1.0 9.31623931624 37.0 160.0 3.0
ellipse80.069.bmp 1.0 9.42857142857 32.0 152.0 3.0
ellipse80.074.bmp 1.0 9.15789473684 34.0 166.0 3.0
ellipse80.039.bmp 1.0 8.60465116279 37.0 144.0 3.0
ellipse80.051.bmp 1.0 8.83720930233 31.0 169.0 3.0
ellipse80.072.bmp 1.0 9.47368421053 36.0 154.0 3.0
ellipse80.042.bmp 1.0 8.52272727273 29.0 168.0 3.0
ellipse80.053.bmp 1.0 9.12087912088 34.0 164.0 3.0
ellipse80.02.bmp 1.0 9.16666666667 37.0 168.0 3.0
ellipse80.062.bmp 1.0 9.48387096774 38.0 157.0 3.0
ellipse80.024.bmp 1.0 8.55421686747 31.0 152.0 3.0
ellipse80.071.bmp 1.0 9.48717948718 38.0 201.0 3.0
ellipse80.063.bmp 1.0 8.96103896104 27.0 184.0 3.0
ellipse80.065.bmp 1.0 9.28571428571 28.0 166.0 3.0
ellipse80.030.bmp 1.0 8.84955752212 32.0 163.0 3.0
ellipse80.080.bmp 1.0 9.34782608696 32.0 185.0 3.0
ellipse80.041.bmp 1.0 8.89830508475 40.0 153.0 3.0
ellipse80.00.bmp 1.0 8.22784810127 26.0 133.0 3.0
ellipse80.021.bmp 1.0 9.59302325581 29.0 177.0 3.0
ellipse80.09.bmp 1.0 9.08045977011 37.0 172.0 3.0
ellipse80.060.bmp 1.0 9.29203539823 37.0 147.0 3.0
ellipse80.022.bmp 1.0 8.65979381443 31.0 150.0 3.0
ellipse80.029.bmp 1.0 8.58823529412 28.0 157.0 3.0
ellipse80.059.bmp 1.0 9.12087912088 32.0 156.0 3.0
ellipse80.078.bmp 1.0 9.09090909091 33.0 186.0 3.0
ellipse80.036.bmp 1.0 8.64077669903 33.0 161.0 3.0
ellipse80.034.bmp 1.0 8.3950617284 33.0 139.0 3.0
ellipse80.066.bmp 1.0 8.94736842105 31.0 174.0 3.0
ellipse80.04.bmp 1.0 9.28571428571 41.0 157.0 3.0
ellipse80.070.bmp 1.0 9.4701986755 37.0 152.0 3.0
ellipse80.083.bmp 1.0 9.18367346939 34.0 182.0 3.0
ellipse80.027.bmp 1.0 8.66666666667 31.0 149.0 3.0
ellipse80.037.bmp 1.0 8.64583333333 28.0 158.0 3.0
ellipse80.046.bmp 1.0 8.94308943089 38.0 181.0 3.0
ellipse80.075.bmp 1.0 9.21348314607 31.0 170.0 3.0
ellipse80.079.bmp 1.0 9.41176470588 38.0 181.0 3.0
ellipse80.026.bmp 1.0 8.85057471264 33.0 168.0 3.0
ellipse80.01.bmp 1.0 8.5393258427 35.0 151.0 3.0
ellipse80.017.bmp 1.0 9.11111111111 22.0 97.0 3.0
ellipse80.067.bmp 1.0 9.53757225434 39.0 193.0 3.0
ellipse80.048.bmp 1.0 8.67346938776 31.0 173.0 3.0
ellipse80.035.bmp 1.0 8.83495145631 34.0 161.0 3.0
ellipse80.081.bmp 1.0 9.34426229508 40.0 174.0 3.0
ellipse80.084.bmp 1.0 8.96103896104 34.0 190.0 3.0
ellipse80.076.bmp 1.0 8.97727272727 36.0 163.0 3.0
ellipse80.012.bmp 1.0 9.21052631579 32.0 184.0 3.0
ellipse80.057.bmp 1.0 8.9247311828 31.0 157.0 3.0
ellipse80.077.bmp 1.0 9.22330097087 30.0 184.0 3.0
ellipse80.011.bmp 1.0 9.3984962406 35.0 184.0 3.0
ellipse80.023.bmp 1.0 8.78260869565 34.0 136.0 3.0
ellipse80.082.bmp 1.0 9.20792079208 36.0 159.0 3.0
ellipse80.045.bmp 1.0 7.71929824561 28.0 176.0 3.0
ellipse80.020.bmp 1.0 9.55555555556 31.0 180.0 3.0
ellipse80.05.bmp 1.0 9.51515151515 34.0 179.0 3.0
ellipse80.058.bmp 1.0 9.53216374269 36.0 185.0 3.0
ellipse80.050.bmp 1.0 9.04761904762 33.0 178.0 3.0
ellipse80.03.bmp 1.0 8.47222222222 27.0 148.0 3.0
ellipse80.073.bmp 1.0 9.20792079208 39.0 176.0 3.0
ellipse80.015.bmp 1.0 9.10112359551 30.0 158.0 3.0
ellipse80.06.bmp 1.0 9.4701986755 33.0 173.0 3.0
ellipse80.014.bmp 1.0 6.95652173913 20.0 117.0 3.0
ellipse60.01.bmp 1.0 8.50746268657 32.0 113.0 3.0
ellipse60.076.bmp 1.0 8.93939393939 36.0 122.0 3.0
ellipse60.068.bmp 1.0 9.42528735632 35.0 119.0 3.0
ellipse60.051.bmp 1.0 8.90625 31.0 127.0 3.0
ellipse60.063.bmp 1.0 9.12280701754 24.0 138.0 3.0
ellipse60.00.bmp 1.0 8.30508474576 27.0 99.0 3.0
ellipse60.021.bmp 1.0 9.53488372093 29.0 132.0 3.0
ellipse60.064.bmp 1.0 8.95833333333 30.0 126.0 3.0
ellipse60.038.bmp 1.0 8.63636363636 32.0 114.0 3.0
ellipse60.061.bmp 1.0 8.9156626506 36.0 139.0 3.0
ellipse60.041.bmp 1.0 8.97727272727 32.0 114.0 3.0
ellipse60.035.bmp 1.0 8.83116883117 30.0 121.0 3.0
ellipse60.032.bmp 1.0 8.61111111111 29.0 111.0 3.0
ellipse60.043.bmp 1.0 8.97435897436 31.0 118.0 3.0
ellipse60.039.bmp 1.0 8.46153846154 32.0 108.0 3.0
ellipse60.010.bmp 1.0 9.28571428571 31.0 150.0 3.0
ellipse60.054.bmp 1.0 8.70967741935 30.0 109.0 3.0
ellipse60.022.bmp 1.0 8.6301369863 31.0 112.0 3.0
ellipse60.017.bmp 1.0 9.39393939394 21.0 73.0 3.0
ellipse60.059.bmp 1.0 9.26470588235 23.0 117.0 3.0
ellipse60.078.bmp 1.0 9.18918918919 32.0 139.0 3.0
ellipse60.05.bmp 1.0 9.51612903226 34.0 134.0 3.0
ellipse60.058.bmp 1.0 9.56834532374 33.0 139.0 3.0
ellipse60.04.bmp 1.0 9.36170212766 37.0 118.0 3.0
ellipse60.030.bmp 1.0 8.82352941176 35.0 122.0 3.0
ellipse60.077.bmp 1.0 9.22077922078 29.0 137.0 3.0
ellipse60.073.bmp 1.0 9.21052631579 35.0 132.0 3.0
ellipse60.049.bmp 1.0 9.34210526316 32.0 128.0 3.0
ellipse60.045.bmp 1.0 7.85714285714 26.0 132.0 3.0
ellipse60.016.bmp 1.0 9.06976744186 31.0 120.0 3.0
ellipse60.029.bmp 1.0 8.59375 26.0 118.0 3.0
ellipse60.037.bmp 1.0 8.75 26.0 118.0 3.0
ellipse60.079.bmp 1.0 9.41176470588 32.0 136.0 3.0
ellipse60.014.bmp 1.0 7.05882352941 16.0 87.0 3.0
ellipse60.019.bmp 1.0 9.25925925926 19.0 143.0 3.0
ellipse60.07.bmp 1.0 9.46428571429 28.0 128.0 3.0
ellipse60.080.bmp 1.0 9.41747572816 24.0 139.0 3.0
ellipse60.070.bmp 1.0 9.47368421053 34.0 114.0 3.0
ellipse60.027.bmp 1.0 8.80597014925 30.0 111.0 3.0
ellipse60.053.bmp 1.0 9.11764705882 26.0 123.0 3.0
ellipse60.020.bmp 1.0 9.61538461538 33.0 134.0 3.0
ellipse60.065.bmp 1.0 9.28571428571 30.0 124.0 3.0
ellipse60.033.bmp 1.0 8.88888888889 31.0 125.0 3.0
ellipse60.06.bmp 1.0 9.46902654867 35.0 130.0 3.0
ellipse60.074.bmp 1.0 9.29577464789 33.0 124.0 3.0
ellipse60.042.bmp 1.0 8.63636363636 23.0 125.0 3.0
ellipse60.069.bmp 1.0 9.42857142857 31.0 114.0 3.0
ellipse60.062.bmp 1.0 9.48275862069 31.0 117.0 3.0
ellipse60.082.bmp 1.0 9.21052631579 31.0 119.0 3.0
ellipse60.071.bmp 1.0 9.48717948718 41.0 151.0 3.0
ellipse60.09.bmp 1.0 9.23076923077 36.0 129.0 3.0
ellipse60.08.bmp 1.0 8.88888888889 30.0 112.0 3.0
ellipse60.048.bmp 1.0 8.76712328767 27.0 130.0 3.0
ellipse60.015.bmp 1.0 9.24242424242 29.0 118.0 3.0
ellipse60.075.bmp 1.0 9.39393939394 31.0 127.0 3.0
ellipse60.047.bmp 1.0 8.78378378378 27.0 113.0 3.0
ellipse60.072.bmp 1.0 9.47368421053 34.0 115.0 3.0
ellipse60.081.bmp 1.0 9.45054945055 31.0 130.0 3.0
ellipse60.055.bmp 1.0 8.87096774194 34.0 133.0 3.0
ellipse60.023.bmp 1.0 8.83720930233 28.0 102.0 3.0
ellipse60.057.bmp 1.0 8.98550724638 31.0 117.0 3.0
ellipse60.031.bmp 1.0 8.09523809524 32.0 109.0 3.0
ellipse60.034.bmp 1.0 8.5 28.0 104.0 3.0
ellipse40.056.bmp 1.0 8.53658536585 26.0 88.0 3.0
ellipse40.018.bmp 1.0 8.30985915493 26.0 71.0 3.0
ellipse40.013.bmp 1.0 9.47368421053 29.0 89.0 3.0
ellipse40.046.bmp 1.0 9.01639344262 26.0 90.0 3.0
ellipse40.039.bmp 1.0 8.18181818182 24.0 72.0 3.0
ellipse40.01.bmp 1.0 8.44444444444 24.0 75.0 3.0
ellipse40.017.bmp 1.0 8.33333333333 16.0 49.0 3.0
ellipse40.071.bmp 1.0 9.48717948718 36.0 101.0 3.0
ellipse40.065.bmp 1.0 9.28571428571 27.0 83.0 3.0
ellipse40.045.bmp 1.0 7.85714285714 18.0 88.0 3.0
ellipse40.00.bmp 1.0 8.46153846154 19.0 66.0 3.0
ellipse40.04.bmp 1.0 9.35483870968 29.0 78.0 3.0
ellipse40.026.bmp 1.0 8.63636363636 24.0 84.0 3.0
ellipse40.043.bmp 1.0 8.84615384615 27.0 79.0 3.0
ellipse40.082.bmp 1.0 9.21568627451 24.0 80.0 3.0
ellipse40.035.bmp 1.0 8.65384615385 26.0 81.0 3.0
ellipse40.080.bmp 1.0 9.41176470588 25.0 93.0 3.0
ellipse40.020.bmp 1.0 8.08988764045 25.0 89.0 3.0
ellipse40.038.bmp 1.0 8.63636363636 23.0 76.0 3.0
ellipse40.02.bmp 1.0 9.16666666667 26.0 84.0 3.0
ellipse40.027.bmp 1.0 8.66666666667 25.0 74.0 3.0
ellipse40.011.bmp 1.0 9.40298507463 32.0 92.0 3.0
ellipse40.09.bmp 1.0 9.09090909091 25.0 86.0 3.0
ellipse40.031.bmp 1.0 8.09523809524 24.0 72.0 3.0
ellipse40.068.bmp 1.0 9.31034482759 22.0 80.0 3.0
ellipse40.084.bmp 1.0 8.97435897436 19.0 94.0 3.0
ellipse40.040.bmp 1.0 8.60465116279 18.0 58.0 3.0
ellipse40.014.bmp 1.0 6.36363636364 12.0 58.0 3.0
ellipse40.060.bmp 1.0 9.29824561404 27.0 73.0 3.0
ellipse40.028.bmp 1.0 8.72340425532 28.0 84.0 3.0
ellipse40.048.bmp 1.0 8.77551020408 23.0 87.0 3.0
ellipse40.033.bmp 1.0 9.0 31.0 83.0 3.0
ellipse40.023.bmp 1.0 8.94736842105 26.0 68.0 3.0
ellipse40.025.bmp 1.0 8.65384615385 26.0 88.0 3.0
ellipse40.083.bmp 1.0 9.2 26.0 91.0 3.0
ellipse40.073.bmp 1.0 9.21568627451 29.0 88.0 3.0
ellipse40.064.bmp 1.0 8.75 23.0 84.0 3.0
ellipse40.044.bmp 1.0 7.94117647059 23.0 97.0 3.0
ellipse40.081.bmp 1.0 9.34426229508 28.0 87.0 3.0
ellipse40.057.bmp 1.0 8.91304347826 28.0 78.0 3.0
ellipse40.049.bmp 1.0 9.21568627451 28.0 85.0 3.0
ellipse40.034.bmp 1.0 8.5 20.0 70.0 3.0
ellipse40.067.bmp 1.0 9.54022988506 28.0 96.0 3.0
ellipse40.032.bmp 1.0 8.54166666667 24.0 74.0 3.0
ellipse40.074.bmp 1.0 9.16666666667 26.0 82.0 3.0
ellipse40.072.bmp 1.0 9.47368421053 32.0 77.0 3.0
ellipse40.08.bmp 1.0 8.88888888889 25.0 75.0 3.0
ellipse40.055.bmp 1.0 8.80952380952 26.0 89.0 3.0
ellipse40.016.bmp 1.0 9.12280701754 24.0 80.0 3.0
ellipse40.041.bmp 1.0 8.98305084746 27.0 76.0 3.0
ellipse40.022.bmp 1.0 8.57142857143 26.0 75.0 3.0
ellipse40.070.bmp 1.0 9.47368421053 26.0 76.0 3.0
ellipse40.062.bmp 1.0 9.48051948052 27.0 78.0 3.0
ellipse40.07.bmp 1.0 9.46666666667 29.0 85.0 3.0
ellipse40.030.bmp 1.0 8.77192982456 28.0 81.0 3.0
ellipse40.054.bmp 1.0 8.57142857143 23.0 73.0 3.0
ellipse40.06.bmp 1.0 9.46666666667 29.0 87.0 3.0
ellipse40.077.bmp 1.0 9.21568627451 25.0 92.0 3.0
ellipse40.063.bmp 1.0 8.94736842105 16.0 92.0 3.0
ellipse40.079.bmp 1.0 9.41176470588 29.0 91.0 3.0
ellipse40.021.bmp 1.0 8.83720930233 20.0 88.0 3.0
ellipse40.069.bmp 1.0 9.42857142857 28.0 76.0 3.0
ellipse40.03.bmp 1.0 8.61111111111 22.0 74.0 3.0
